299
160 95
178 151
158 100
107 81
4 75
185 70
96 83
72 105
80 146
186 80
181 9
73 70
162 63
131 81
91 128
77 15
105 90
111 152
51 12
150 63
98 125
193 53
132 109
176 161
73 41
198 160
68 167
155 166
133 84
132 24
101 141
69 101
118 119
54 59
95 86
44 121
142 145
142 31
137 97
93 195
160 182
15 117
172 68
131 174
91 118
173 181
157 54
199 53
100 76
121 95
165 20
140 113
48 44
130 38
106 13
155 26
33 186
4 74
182 168
121 139
61 124
28 54
102 163
177 66
41 85
39 164
121 65
139 134
167 62
167 59
83 155
17 176
194 135
163 73
107 93
44 23
29 18
186 126
33 45
60 69
88 65
178 149
41 76
98 88
178 122
181 62
15 58
125 45
136 81
78 154
186 36
118 76
61 145
182 187
153 26
146 27
92 192
42 194
137 85
193 17
91 153
177 161
87 196
176 87
162 50
55 70
83 106
86 59
127 20
109 23
9 103
59 155
24 7
97 75
49 51
65 64
163 118
138 41
24 186
36 9
15 195
170 89
72 104
124 173
12 137
160 122
16 101
152 159
72 189
162 72
171 71
92 109
171 114
196 79
18 115
197 146
133 116
134 93
80 156
66 147
10 122
36 76
89 94
58 34
131 127
156 194
20 98
42 131
105 28
7 62
25 93
104 93
167 64
67 194
28 171
68 152
158 129
143 190
140 134
52 51
24 194
57 82
158 199
14 128
23 85
34 150
94 138
52 72
104 190
95 138
39 106
16 68
9 81
130 199
117 181
146 103
149 29
178 192
32 56
9 139
81 184
53 158
168 155
27 77
87 164
165 48
53 60
84 1
128 60
90 53
18 87
40 179
172 39
97 141
190 107
150 107
45 189
118 7
148 188
65 97
181 71
171 110
36 58
17 4
175 19
156 28
116 108
145 1
13 31
136 94
70 46
43 148
84 97
118 122
11 179
71 67
156 174
162 164
29 26
110 15
33 82
9 8
101 88
46 154
31 169
154 131
151 128
152 3
63 129
18 90
153 173
132 104
31 144
83 175
89 102
125 163
86 32
87 84
32 187
0 167
13 34
119 3
73 60
107 44
107 109
14 4
153 35
65 45
93 143
145 180
107 110
151 28
82 113
62 46
8 4
48 97
136 29
1 158
109 140
65 144
181 99
119 32
91 46
134 107
123 145
106 85
65 132
60 108
94 148
130 25
74 157
169 40
95 3
100 15
172 52
36 114
141 48
132 149
186 41
170 59
104 77
80 31
189 64
2 42
190 47
6 19
194 61
147 69
47 139
40 198
51 118
70 72
6 97
129 1
29 99
89 98
95 75
29 127
122 9